[[104.0315990909091, 30.734088636363637, 11], 3.562720302169776, [833, 1423, 0.58538299]]
[[104.08301933333333, 30.705064000000004, 3], 3.2477159733146213, [5066, 7327, 0.69141531]]
[[104.08065, 30.7078, 1], 2.9331369321088574, [4185, 5941, 0.70442686]]
[[104.083337, 30.705005, 2], 3.283549223732017, [5273, 7449, 0.70788025]]
[[104.08328162318836, 30.70501856521739, 138], 3.277221411570211, [5270, 7421, 0.71014688]]
[[104.08330119999998, 30.704656900000003, 20], 3.288515754445625, [5415, 7473, 0.72460859]]
[[104.08296200000001, 30.704673166666666, 6], 3.251497640056003, [5365, 7381, 0.72686628]]
[[104.026690375, 30.729029750000002, 8], 3.6430521765043564, [1122, 1516, 0.74010554]]
[[104.08317187878788, 30.704464090909084, 33], 3.2796655752327633, [5529, 7447, 0.74244662]]
[[104.082908, 30.704413874999997, 8], 3.2526122558843293, [5478, 7358, 0.74449579]]
[[104.082386, 30.704635500000002, 2], 3.190421265327312, [5304, 7124, 0.74452555]]
[[104.02616129166664, 30.728888083333334, 24], 3.6847322580143165, [1122, 1504, 0.74601064]]
[[104.02444833333334, 30.727130444444445, 9], 3.754848591636892, [1139, 1525, 0.74688525]]
[[104.027966, 30.729297833333334, 6], 3.5403022557706665, [1138, 1522, 0.74770039]]
[[104.027211125, 30.729012, 8], 3.593144655496424, [1141, 1516, 0.75263852]]
[[104.02527030434784, 30.72823356521739, 23], 3.733051625631934, [1121, 1489, 0.75285426]]
[[104.08092400000001, 30.705377199999997, 5], 3.0132994318800956, [5165, 6772, 0.76269935]]
[[104.082453, 30.704238, 1], 3.208589840757265, [5576, 7240, 0.77016575]]
[[104.02922699999999, 30.730587687499995, 16], 3.5088236065345058, [1123, 1458, 0.7702332]]
[[104.08039958823528, 30.706247911764702, 34], 2.9355954064717373, [4779, 6196, 0.77130407]]
[[104.07465616666667, 30.70854308333334, 12], 2.2629189557637184, [5435, 7024, 0.77377563]]
[[104.02741057142859, 30.728146761904764, 21], 3.523498213583943, [1179, 1521, 0.77514793]]
[[104.08209570588237, 30.704345470588237, 17], 3.1672001342520453, [5517, 7101, 0.77693283]]
[[104.0764685, 30.708074136363635, 22], 2.4697106049931876, [5316, 6824, 0.77901524]]
[[104.02849432911393, 30.730130886075937, 79], 3.5445146272554284, [1144, 1464, 0.78142077]]
[[104.0822599999997, 30.704150000000006, 139], 3.1903958613149266, [5660, 7223, 0.78360792]]
[[104.07290499999999, 30.7086394, 5], 2.0692173820666673, [5645, 7196, 0.78446359]]
[[104.08219833333334, 30.704223333333335, 6], 3.1816807352914678, [5659, 7203, 0.78564487]]
[[104.07219239130437, 30.708456913043477, 23], 1.9946045406848918, [5564, 7080, 0.78587571]]
[[104.082238, 30.704293333333336, 3], 3.183947539191441, [5599, 7123, 0.78604521]]
[[104.08241449999998, 30.70403892857143, 14], 3.210163584853694, [5700, 7241, 0.78718409]]
[[104.08228800000002, 30.704124, 5], 3.194146306907454, [5696, 7234, 0.78739287]]
[[104.08223833333334, 30.704202499999994, 12], 3.18656649891878, [5636, 7155, 0.78770091]]
[[104.082345, 30.704078000000003, 10], 3.2015842758528326, [5731, 7273, 0.78798295]]
[[104.08226, 30.70414, 1], 3.190683753241739, [5660, 7178, 0.78852048]]
[[104.08227999999998, 30.704181428571427, 7], 3.1916381907620086, [5672, 7191, 0.78876373]]
[[104.082323, 30.704126000000002, 10], 3.197840465314568, [5710, 7202, 0.79283532]]
[[104.08238096000002, 30.70401148, 25], 3.2073690886057133, [5736, 7228, 0.79358052]]
[[104.08230250000001, 30.704090833333336, 12], 3.196658530218242, [5710, 7189, 0.79426902]]
[[104.08212410000002, 30.704175600000003, 10], 3.175090178851278, [5707, 7173, 0.79562247]]
[[104.06907673333332, 30.707387400000005, 15], 1.6842294254101164, [5737, 7144, 0.80305151]]
[[104.07766066666666, 30.703371000000004, 3], 2.728281826554886, [6365, 7922, 0.80345872]]
[[104.02416600000001, 30.724781999999998, 2], 3.6712596495312395, [1295, 1606, 0.80635118]]
[[104.07715742857143, 30.70412328571428, 7], 2.6483686443527925, [6253, 7749, 0.80694283]]
[[104.07194736363635, 30.699530818181817, 11], 2.354863489529449, [8458, 10424, 0.81139678]]
[[104.08167699999998, 30.704801600000003, 10], 3.109600310196995, [5448, 6711, 0.81180152]]
[[104.07821965000001, 30.706379050000002, 20], 2.6959066929745656, [5577, 6849, 0.81427946]]
[[104.07056472727271, 30.70778190909091, 11], 1.832855987111419, [6064, 7404, 0.81901675]]
[[104.06870307142856, 30.698582357142858, 14], 2.1385476270898924, [8377, 10159, 0.82458903]]
[[104.077035, 30.704788, 1], 2.6131709702282806, [6240, 7541, 0.82747646]]
[[104.08344631578946, 30.702564842105264, 19], 3.365924283636314, [6465, 7810, 0.82778489]]
[[104.06788653333334, 30.70664086666666, 15], 1.5845897445388948, [6062, 7314, 0.82882144]]
[[104.06599614285713, 30.705145714285713, 7], 1.4634292564649012, [6200, 7476, 0.82932049]]
[[104.07525174999999, 30.70427725, 4], 2.4426502614761607, [6760, 8103, 0.83425892]]
[[104.07811423333335, 30.70313343333334, 30], 2.7845623075691077, [6407, 7663, 0.83609552]]
[[104.07207842105264, 30.707165736842104, 19], 2.0123279865688857, [6309, 7534, 0.83740377]]
[[104.0778805, 30.702902928571433, 14], 2.7689702152920996, [6477, 7698, 0.84138737]]
[[104.07381695000001, 30.7036336, 20], 2.3193637556110667, [6889, 8175, 0.84269113]]
[[104.082252, 30.703331, 1], 3.2143075283270983, [6122, 7258, 0.84348305]]
[[104.06610575999999, 30.704676199999994, 25], 1.5000723805856722, [6265, 7421, 0.84422585]]
[[104.07860014285714, 30.70188585714286, 7], 2.884252196663128, [6730, 7970, 0.84441656]]
[[104.06421857142857, 30.70275142857143, 7], 1.4589126848893932, [6890, 8155, 0.84488044]]
[[104.07302062857144, 30.70270948571429, 35], 2.280381274018917, [7328, 8670, 0.84521338]]
[[104.07672406666664, 30.702851399999997, 15], 2.6511279158637953, [7181, 8494, 0.8454203]]
[[104.07234128571429, 30.69820042857143, 7], 2.4767181797325946, [9036, 10687, 0.84551324]]
[[104.07373938888887, 30.702804111111092, 36], 2.3481727863327, [7312, 8639, 0.84639426]]
[[104.07639946153849, 30.70505588461539, 26], 2.5370527290069758, [6443, 7589, 0.84899196]]
[[104.07227333333333, 30.70282333333333, 3], 2.200268799418921, [7285, 8571, 0.84995916]]
[[104.07237222222221, 30.702838222222226, 9], 2.2093882260839597, [7285, 8571, 0.84995916]]
[[104.06602714285714, 30.704032142857148, 7], 1.5306231256006404, [6364, 7487, 0.85000668]]
[[104.0723500000002, 30.70276000000002, 106], 2.211013288106066, [7302, 8586, 0.85045423]]
[[104.07220483333333, 30.706318333333332, 6], 2.050819629112793, [6424, 7550, 0.85086093]]
[[104.07478366666665, 30.703031166666662, 6], 2.4441485146975968, [7311, 8591, 0.85100687]]
[[104.07267577777777, 30.702813222222225, 9], 2.2408982887605737, [7308, 8585, 0.85125218]]
[[104.0757418095238, 30.702716047619056, 21], 2.5557471757336243, [7327, 8605, 0.8514817]]
[[104.0721231818182, 30.70760672727273, 11], 2.0057634409504908, [6050, 7100, 0.85211268]]
[[104.06620519999997, 30.7028497, 20], 1.6221937280388952, [6355, 7453, 0.85267677]]
[[104.07280750000001, 30.702853500000003, 2], 2.252139993370881, [7338, 8605, 0.85276002]]
[[104.0653649, 30.7026279, 10], 1.5640551113709031, [6666, 7816, 0.85286592]]
[[104.07256075, 30.70663225, 4], 2.079196909993421, [6388, 7488, 0.85309829]]
[[104.07564766666665, 30.700301545454543, 33], 2.6614061485187874, [7889, 9236, 0.85415764]]
[[104.07058154545456, 30.70501581818182, 11], 1.9288707157376708, [6576, 7698, 0.85424786]]
[[104.0722935, 30.702683999999998, 2], 2.209161303784135, [7327, 8573, 0.85465998]]
[[104.0727442857143, 30.70273720000001, 35], 2.2514214716883347, [7348, 8580, 0.85641026]]
[[104.07201125, 30.703435499999998, 4], 2.144636445756411, [6875, 8021, 0.85712505]]
[[104.0716345238095, 30.70279557142857, 21], 2.138327545443878, [7176, 8370, 0.85734767]]
[[104.07495583333332, 30.705279833333336, 6], 2.3765035817307703, [6670, 7775, 0.85787781]]
[[104.06816216666665, 30.70500633333333, 6], 1.683878554143328, [6129, 7142, 0.85816298]]
[[104.07211444444444, 30.704402, 9], 2.1121519640302258, [6649, 7746, 0.85837852]]
[[104.07445700000001, 30.702623857142857, 7], 2.4289807913533785, [7447, 8667, 0.85923618]]
[[104.06611854999998, 30.70354795, 20], 1.56909489009594, [6317, 7350, 0.85945578]]
[[104.07360385714286, 30.70216, 7], 2.3652924280619376, [7512, 8734, 0.86008702]]
[[104.06651858823528, 30.702781294117653, 17], 1.6546672738208568, [6375, 7409, 0.86044001]]
[[104.07152599999999, 30.7051106, 5], 2.0225070812182775, [6534, 7586, 0.86132349]]
[[104.07210853333329, 30.705724200000002, 15], 2.0604945032487443, [6474, 7514, 0.8615917]]
[[104.06509859999998, 30.702815800000003, 5], 1.5279846167412385, [6633, 7698, 0.86165238]]
[[104.066568, 30.702143, 10], 1.7018565212241197, [6559, 7610, 0.86189225]]
[[104.07101021052632, 30.699170052631576, 19], 2.293945033110321, [8745, 10136, 0.86276638]]
[[104.0730645, 30.704770916666664, 12], 2.1956603568715383, [6622, 7671, 0.86325121]]
[[104.06492866666667, 30.701854666666666, 3], 1.5843421999521108, [6998, 8106, 0.86331113]]
[[104.06542964285714, 30.702817857142858, 14], 1.556309961822216, [6537, 7565, 0.86411104]]
[[104.06694900000001, 30.704691999999998, 3], 1.580329984169956, [6227, 7206, 0.86414099]]
[[104.06368023076924, 30.70203384615385, 13], 1.471693977766612, [7099, 8214, 0.86425615]]
[[104.07125264705881, 30.702906117647064, 17], 2.095034283377808, [7024, 8119, 0.86513117]]
[[104.0863925, 30.6984715, 4], 3.828275697097456, [7291, 8425, 0.86540059]]
[[104.0720045, 30.702801999999995, 6], 2.174615287145295, [7258, 8375, 0.86662687]]
[[104.07456333333333, 30.700158416666664, 12], 2.5637087639092893, [8172, 9428, 0.8667798]]
[[104.07538385714288, 30.707267714285713, 7], 2.36746161714531, [6065, 6996, 0.86692396]]
[[104.06647982142856, 30.695275464285686, 56], 2.2475967537889825, [8925, 10290, 0.86734694]]
[[104.08740732258067, 30.700372677419363, 31], 3.8594568341036743, [6169, 7112, 0.8674072]]
[[104.08797377777779, 30.699162333333334, 9], 3.963787076969242, [6408, 7370, 0.86947083]]
[[104.0741176666667, 30.702071933333333, 15], 2.4208102451554985, [7681, 8834, 0.86948155]]
[[104.07244682352938, 30.70215788235295, 17], 2.250980547865273, [7527, 8656, 0.86957024]]
[[104.07310933333333, 30.701908333333336, 3], 2.328979161589744, [7565, 8699, 0.86964019]]
[[104.06653250000002, 30.6951102, 10], 2.2658538517166753, [8959, 10298, 0.86997475]]
[[104.07314309090913, 30.702139818181823, 22], 2.3205634585594446, [7565, 8686, 0.87094175]]
[[104.07960059999999, 30.70106306666667, 15], 3.0217027562729215, [7455, 8554, 0.87152209]]
[[104.07390107692308, 30.70539415384615, 13], 2.2610084567199835, [6605, 7578, 0.87160201]]
[[104.07229524324327, 30.702123810810807, 37], 2.2378790455352844, [7531, 8637, 0.87194628]]
[[104.08000413333335, 30.69471206666667, 15], 3.3953357964086286, [10184, 11675, 0.87229122]]
[[104.0664120952381, 30.694975238095235, 21], 2.270162277850417, [8941, 10249, 0.87237779]]
[[104.0731552857143, 30.706831571428573, 7], 2.137312410909054, [6284, 7200, 0.87277778]]
[[104.06657786666665, 30.695402333333327, 15], 2.2427474287541487, [8984, 10287, 0.87333528]]
[[104.07166280000001, 30.701572, 10], 2.206423389261601, [7608, 8704, 0.87408088]]
[[104.0872942, 30.699427119999996, 25], 3.8828405467823055, [6419, 7340, 0.87452316]]
[[104.07582017241378, 30.706132862068962, 29], 2.443108106065728, [6193, 7080, 0.87471751]]
[[104.0721724857143, 30.704983685714282, 35], 2.0946154878870726, [6587, 7515, 0.87651364]]
[[104.07993876744183, 30.692462255813954, 43], 3.5335401522124013, [10619, 12100, 0.87760331]]
[[104.06902603030304, 30.700637787878783, 33], 2.0200037612386836, [7479, 8520, 0.8778169]]
[[104.07658066666669, 30.701239416666667, 12], 2.7073478601274967, [7817, 8899, 0.8784133]]
[[104.06668063157893, 30.694932157894726, 19], 2.291510911341259, [9199, 10457, 0.87969781]]
[[104.066658, 30.695005, 1], 2.2835022652648713, [9136, 10369, 0.88108786]]
[[104.08001914285714, 30.693600142857132, 14], 3.4663675824142275, [10425, 11828, 0.88138316]]
[[104.07999497142856, 30.69439314285713, 35], 3.4141649521250503, [10324, 11708, 0.88179023]]
[[104.06313766666666, 30.69311375, 12], 2.2649188234127218, [8640, 9783, 0.88316467]]
[[104.065955, 30.694534, 7], 2.281489855182431, [9061, 10258, 0.88331059]]
[[104.0696222, 30.7050518, 5], 1.8291771337843008, [6477, 7331, 0.88350839]]
[[104.08434725000001, 30.698749750000005, 4], 3.6070512889614776, [7948, 8991, 0.88399511]]
[[104.06762042857139, 30.702716485714284, 35], 1.758789560190582, [6382, 7218, 0.88417844]]
[[104.06681753846154, 30.695665923076927, 13], 2.235531625772086, [9060, 10244, 0.88442015]]
[[104.06651147619047, 30.694905047619045, 21], 2.2829248736657624, [9147, 10340, 0.88462282]]
[[104.06233230000001, 30.6942848, 10], 2.1094704541238984, [8015, 9057, 0.88495087]]
[[104.0689062, 30.70283846666667, 15], 1.8716030725796176, [6595, 7450, 0.8852349]]
[[104.067518, 30.7033695, 2], 1.7095782186887463, [6377, 7201, 0.88557145]]
[[104.08004871428572, 30.69403242857143, 7], 3.44163795373646, [10392, 11732, 0.88578248]]
[[104.07437450000002, 30.700901750000003, 12], 2.505376727184889, [8293, 9358, 0.88619363]]
[[104.06836792857142, 30.700292, 14], 1.9862187117346595, [7610, 8587, 0.88622336]]
[[104.08356012500002, 30.694770583333337, 24], 3.727551438427714, [10620, 11980, 0.88647746]]
[[104.07448985714286, 30.69590914285714, 7], 2.8207923707165032, [9212, 10389, 0.88670709]]
[[104.0746278235294, 30.70624517647059, 17], 2.3119022204611093, [6299, 7101, 0.88705816]]
[[104.07986980000001, 30.6942792, 5], 3.4097726917973326, [10413, 11737, 0.88719434]]
[[104.07850905555554, 30.700355277777778, 18], 2.9428160535957284, [7867, 8864, 0.88752256]]
[[104.07073306060602, 30.70020899999999, 33], 2.2012370165083333, [8500, 9577, 0.88754307]]
[[104.0669535, 30.694761999999997, 6], 2.3246694416422597, [9494, 10684, 0.88861849]]
[[104.07364142857139, 30.6973815, 14], 2.646739150289312, [9144, 10287, 0.88888889]]
[[104.07172157142858, 30.700187000000003, 7], 2.293269379291618, [8318, 9357, 0.88896014]]
[[104.07217858823529, 30.701303823529415, 17], 2.270875892869572, [7827, 8802, 0.88922972]]
[[104.07955971428571, 30.700409114285723, 35], 3.0463892935776924, [7782, 8751, 0.8892698]]
[[104.06437707692308, 30.692696307692305, 13], 2.3674669326481803, [8997, 10114, 0.88955903]]
[[104.046304, 30.72542466666667, 3], 1.7839458660453014, [3168, 3557, 0.89063818]]
[[104.07076149999999, 30.70088633333333, 6], 2.1615637253586284, [8115, 9111, 0.89068159]]
[[104.07967055555557, 30.69307244444444, 9], 3.469220043100607, [10633, 11934, 0.89098374]]
[[104.07367994444445, 30.688747555555558, 18], 3.3116426998906796, [10649, 11951, 0.89105514]]
[[104.07911, 30.69231557142857, 14], 3.4704878873880127, [10875, 12200, 0.89139344]]
[[104.07869042857142, 30.69258671428571, 14], 3.415269725384991, [10735, 12042, 0.89146321]]
[[104.04496449999999, 30.725186, 2], 1.8424166277363103, [3100, 3475, 0.89208633]]
[[104.06405950000001, 30.70016477777778, 36], 1.6544152410491137, [7396, 8287, 0.8924822]]
[[104.0733253, 30.696846500000003, 10], 2.654867737591678, [9254, 10368, 0.89255401]]
[[104.07903688, 30.71307464, 25], 2.7285078937132146, [3973, 4450, 0.89280899]]
[[104.08378581818182, 30.694301, 11], 3.7754925692836383, [10718, 12004, 0.89286904]]
[[104.08072875, 30.693090249999997, 4], 3.563356175376525, [10490, 11745, 0.89314602]]
[[104.06620312, 30.690659200000006, 25], 2.6627975115975606, [9405, 10530, 0.89316239]]
[[104.07965116666666, 30.693913166666665, 6], 3.4129661856660154, [10508, 11759, 0.8936134]]
[[104.07341179999999, 30.6889161, 10], 3.278195716609239, [10641, 11905, 0.89382612]]
[[104.07212671428572, 30.70063557142857, 7], 2.3042053391089503, [8195, 9168, 0.89386998]]
[[104.07835633333333, 30.693530666666668, 9], 3.3218972192440623, [10657, 11922, 0.89389364]]
[[104.07737972222223, 30.714080666666664, 36], 2.554532778233614, [4066, 4544, 0.89480634]]
[[104.07148550000005, 30.700250138888887, 36], 2.2675715016010622, [8320, 9296, 0.89500861]]
[[104.06552657142856, 30.699693571428575, 14], 1.8013091450054093, [7438, 8310, 0.89506619]]
[[104.08193446666668, 30.6943704, 15], 3.595970153268751, [10513, 11744, 0.89518052]]
[[104.06653614705886, 30.70024602941177, 34], 1.836644131588282, [7446, 8316, 0.8953824]]
[[104.08049599999998, 30.694041444444437, 9], 3.482101826453684, [10327, 11532, 0.89550815]]
[[104.08176854545455, 30.694762636363635, 22], 3.5573212139026538, [10433, 11649, 0.89561336]]
[[104.07246908333332, 30.697134500000004, 12], 2.5605624886863962, [9275, 10355, 0.89570256]]
[[104.0796494, 30.6925654, 5], 3.5010046101309205, [10758, 12008, 0.89590273]]
[[104.07653426315788, 30.700026473684215, 19], 2.7626632641983995, [7850, 8762, 0.89591417]]
[[104.07118263333334, 30.709937966666665, 30], 1.8609394467717837, [5263, 5872, 0.89628747]]
[[104.08016111111114, 30.692621666666664, 9], 3.5427433025343706, [10614, 11840, 0.8964527]]
[[104.067068, 30.694182, 6], 2.3841532561285166, [9651, 10758, 0.89709983]]
[[104.06239125, 30.695789083333338, 12], 1.9614579826529797, [7869, 8771, 0.8971611]]
[[104.07369833333333, 30.696232555555564, 9], 2.7296395266047404, [9332, 10400, 0.89730769]]
[[104.08260933333334, 30.694811833333333, 6], 3.6342579151979097, [10487, 11686, 0.8973986]]
[[104.07347918750001, 30.689126625, 16], 3.2651025791254797, [10627, 11840, 0.89755068]]
[[104.07451812500003, 30.68901525, 8], 3.349913541086414, [10710, 11928, 0.89788732]]
[[104.07213508333331, 30.69634433333334, 12], 2.5883037256877195, [8954, 9970, 0.89809428]]
[[104.04420375, 30.72597575, 4], 1.9627705126006143, [3001, 3336, 0.89958034]]
[[104.0736292121212, 30.709972545454544, 33], 2.1310131553243763, [5265, 5852, 0.89969241]]
[[104.0756936206897, 30.695942482758596, 29], 2.924860329308526, [9211, 10229, 0.90047903]]
[[104.084132, 30.695740142857144, 7], 3.730641293292395, [9719, 10791, 0.90065796]]
[[104.08024228000009, 30.694401760000005, 50], 3.436421675118963, [10291, 11426, 0.90066515]]
[[104.06791125000001, 30.700222750000002, 8], 1.9521597616653308, [7449, 8269, 0.90083444]]
[[104.06283226666665, 30.694972399999997, 15], 2.0644321491344146, [7904, 8768, 0.90145985]]
[[104.07180149999999, 30.709847999999997, 8], 1.9302877859016827, [5318, 5899, 0.90150873]]
[[104.066472, 30.708063125000002, 8], 1.3856707074413956, [5158, 5721, 0.90159063]]
[[104.06303866666664, 30.70530104761905, 21], 1.1777807697446456, [5796, 6427, 0.90182044]]
[[104.07542550000001, 30.6890485, 4], 3.4148455047784965, [10948, 12137, 0.9020351]]
[[104.07993633333332, 30.692221833333335, 12], 3.549432885551002, [10716, 11873, 0.90255201]]
[[104.0766867777778, 30.689227999999996, 9], 3.4973975614617507, [10868, 12041, 0.90258284]]
[[104.0801878695652, 30.694237521739133, 23], 3.4415769621369505, [10325, 11438, 0.90269278]]
[[104.07397160000001, 30.689206000000002, 5], 3.2939788959224168, [10694, 11844, 0.90290442]]
[[104.071234, 30.700217454545463, 11], 2.2464521504897785, [8383, 9283, 0.90304858]]
[[104.07679863636362, 30.68958272727273, 22], 3.478374966563469, [10886, 12051, 0.90332752]]
[[104.07655895789466, 30.690247126315843, 95], 3.4077955200725962, [10874, 12036, 0.9034563]]
[[104.07669057142857, 30.689462857142853, 7], 3.4792339648762347, [10893, 12055, 0.90360846]]
[[104.08237466666667, 30.69332, 3], 3.700073809823415, [10988, 12159, 0.90369274]]
[[104.07327344444445, 30.69625022222222, 9], 2.691739458723836, [9323, 10311, 0.90418]]
[[104.0693454, 30.7024982, 20], 1.9328942997670298, [6748, 7460, 0.90455764]]
[[104.06342180000001, 30.696419400000003, 10], 1.9545115375573505, [7727, 8542, 0.90458909]]
[[104.0799787307692, 30.69069676923078, 26], 3.6581376270183, [10396, 11492, 0.90462931]]
[[104.07679811111113, 30.689180888888888, 9], 3.5098163177899413, [10903, 12049, 0.90488837]]
[[104.07694481818181, 30.689332818181814, 11], 3.509421278373714, [10936, 12084, 0.90499834]]
[[104.07650010714288, 30.692526035714288, 28], 3.2320272926126203, [10169, 11233, 0.90527909]]
[[104.06801876119398, 30.694557731343302, 67], 2.4145901851303733, [9591, 10593, 0.90540923]]
[[104.04604312500001, 30.715992875, 8], 1.0578019615358876, [5201, 5744, 0.90546657]]
[[104.06703980000002, 30.698438599999996, 5], 2.0178476077047196, [8113, 8957, 0.90577202]]
[[104.07675150574724, 30.689369781609233, 87], 3.4913198940276886, [10905, 12032, 0.90633311]]
[[104.07254977777778, 30.696761111111115, 9], 2.5936667239484383, [9025, 9953, 0.90676178]]
[[104.08103175000001, 30.69482175, 4], 3.484486836665366, [10484, 11561, 0.90684197]]
[[104.0695486, 30.6943635, 10], 2.5398325578591012, [9374, 10336, 0.90692724]]
[[104.08102733333332, 30.69428911111111, 9], 3.5160312901370263, [10500, 11571, 0.90744102]]
[[104.07906835294118, 30.700344, 17], 2.99967411715413, [7888, 8692, 0.90750115]]
[[104.07868449999998, 30.690856375000003, 8], 3.5366836972756426, [10826, 11928, 0.90761234]]
[[104.07078, 30.69547, 3], 2.543850960905151, [9006, 9922, 0.9076799]]
[[104.07266694444444, 30.69633861111111, 18], 2.6336439772008586, [9003, 9916, 0.90792658]]
[[104.06978395833333, 30.69443433333333, 24], 2.5512125021391054, [9305, 10246, 0.90815928]]
[[104.07430122222222, 30.689863777777784, 27], 3.26376197204367, [10865, 11961, 0.90836887]]
[[104.0723219423077, 30.70987726923077, 52], 1.9874562520334944, [5324, 5859, 0.90868749]]
[[104.0678773, 30.694129499999995, 10], 2.4424301515460463, [9576, 10531, 0.90931535]]
[[104.07979783333333, 30.69949166666667, 12], 3.113133687485936, [8093, 8898, 0.90953023]]
[[104.07139955555556, 30.69707288888889, 9], 2.473661673252852, [9119, 10023, 0.90980744]]
[[104.07392806896554, 30.69566779310346, 29], 2.788917975608213, [9444, 10375, 0.91026506]]
[[104.0712274375, 30.694604499999997, 16], 2.646958295924422, [9049, 9941, 0.9102706]]
[[104.07530724999998, 30.694899937499997, 16], 2.9615035896225534, [9568, 10509, 0.9104577]]
[[104.07069242857142, 30.694607571428566, 21], 2.6053981188859723, [9134, 10032, 0.91048644]]
[[104.07233564285714, 30.694733785714277, 14], 2.724771559929123, [9181, 10082, 0.91063281]]
[[104.0697925, 30.70028208333333, 12], 2.1117900788037742, [8202, 9002, 0.91113086]]
[[104.06856657142859, 30.69443214285715, 7], 2.4636093057844137, [9478, 10402, 0.91117093]]
[[104.07238871999998, 30.696375839999995, 25], 2.6073929556113375, [9074, 9954, 0.91159333]]
[[104.0766486, 30.690180771428576, 35], 3.420068038146058, [10921, 11978, 0.91175488]]
[[104.04534317021279, 30.724744829787223, 47], 1.7781981112718839, [3193, 3502, 0.91176471]]
[[104.04971662499996, 30.730045250000007, 16], 2.11514839456588, [2120, 2325, 0.91182796]]
[[104.07248500000001, 30.695895714285715, 7], 2.6502858342271156, [9100, 9979, 0.91191502]]
[[104.07019205263157, 30.695212000000005, 19], 2.5185189663158933, [9166, 10051, 0.91194906]]
[[104.07571474576275, 30.69021905084749, 59], 3.3433126745085286, [10973, 12026, 0.91243971]]
[[104.08256307407406, 30.711127703703703, 27], 3.115442341531563, [3972, 4353, 0.91247416]]
[[104.0677011, 30.695409400000006, 10], 2.3188231285861933, [9575, 10493, 0.9125131]]
[[104.08008167647057, 30.71801555882354, 34], 2.9275007216843303, [2170, 2378, 0.91253154]]
[[104.06982270000003, 30.69480435000001, 20], 2.523581995438037, [9304, 10187, 0.9133209]]
[[104.031735, 30.72476275, 4], 2.918905802177618, [1647, 1803, 0.91347754]]
[[104.069634, 30.693544666666668, 12], 2.6150643992138565, [9385, 10273, 0.91355982]]
[[104.07158184615383, 30.69456169230769, 13], 2.678053910013972, [9228, 10100, 0.91366337]]
[[104.07235076923077, 30.696195461538462, 13], 2.6172231627112654, [9072, 9926, 0.91396333]]
[[104.07231925, 30.6965641, 20], 2.588000074078419, [9099, 9955, 0.91401306]]
[[104.0733605714286, 30.69396571428572, 14], 2.8660560839421656, [9466, 10354, 0.91423604]]
[[104.07720104545456, 30.689712181818177, 22], 3.50031077245577, [10986, 12013, 0.91450928]]
[[104.071778, 30.695220857142857, 7], 2.6426524281358597, [9125, 9976, 0.91469527]]
[[104.07587144444443, 30.68974544444444, 9], 3.3929710387621155, [11157, 12197, 0.91473313]]
[[104.073133125, 30.6938235625, 16], 2.8585357351877456, [9337, 10205, 0.91494366]]
[[104.07996166666668, 30.691173833333334, 6], 3.623303809473981, [10608, 11593, 0.91503493]]
[[104.0756354736842, 30.6944194736842, 19], 3.023357051557435, [9750, 10653, 0.91523515]]
[[104.06955718750002, 30.69574093749999, 16], 2.4273970703308945, [9144, 9987, 0.91559027]]
[[104.07804766666668, 30.697256666666664, 3], 3.060509376523058, [9359, 10220, 0.91575342]]
[[104.0722632, 30.709142249999992, 20], 1.9904989983449828, [5392, 5888, 0.91576087]]
[[104.074334, 30.6902328, 10], 3.236073203784998, [10799, 11792, 0.91579037]]
[[104.07652166666668, 30.69138155555556, 9], 3.3183974893315202, [10366, 11316, 0.91604807]]
[[104.07665444444446, 30.689752999999996, 9], 3.4537071943310518, [10988, 11992, 0.91627752]]
[[104.07262977777776, 30.696001888888887, 9], 2.6547104761124314, [9134, 9967, 0.9164242]]
[[104.07710992592594, 30.690258462962984, 54], 3.4511361168186236, [10871, 11860, 0.91661046]]
[[104.06825616666667, 30.69292416666666, 6], 2.5746709542385675, [9630, 10502, 0.9169682]]
[[104.06956057142858, 30.692505, 7], 2.6994685085516137, [9557, 10422, 0.91700249]]
[[104.06353666666666, 30.705089666666666, 6], 1.2362718598705027, [5878, 6408, 0.91729089]]
[[104.0799238, 30.695066733333324, 15], 3.366281598447374, [10115, 11023, 0.91762678]]
[[104.07365927272726, 30.695709090909098, 11], 2.7629831465661296, [9558, 10412, 0.91797925]]
[[104.04614666666667, 30.723872333333333, 3], 1.6478485297017773, [3387, 3689, 0.918135]]
[[104.07868207692309, 30.694287923076924, 13], 3.3011647298870046, [10287, 11202, 0.91831816]]
[[104.07226043750002, 30.695492468749986, 32], 2.6614219411173763, [9383, 10215, 0.91855115]]
[[104.03045433333334, 30.718371666666666, 3], 2.7728892090715402, [2418, 2632, 0.91869301]]
[[104.03095422222223, 30.71913266666666, 9], 2.7440688901371146, [2442, 2658, 0.91873589]]
[[104.06710142857142, 30.69235857142857, 7], 2.5530689530166697, [9806, 10672, 0.91885307]]
[[104.072055, 30.6954685, 2], 2.6463743635090613, [9329, 10149, 0.91920386]]
[[104.07283783333332, 30.69413316666667, 6], 2.8110986091624146, [9309, 10124, 0.91949822]]
[[104.0800315294118, 30.691474588235298, 17], 3.6085947938968346, [10639, 11569, 0.91961276]]
[[104.07250711111111, 30.69551122222222, 9], 2.6803795438203553, [9446, 10266, 0.92012468]]
[[104.0620564, 30.706536800000002, 5], 1.0096435478121775, [5380, 5847, 0.92012998]]
[[104.07193090476189, 30.694573809523813, 21], 2.7046844170691355, [9305, 10112, 0.92019383]]
[[104.03137433333332, 30.729408833333334, 6], 3.2398901700200686, [1466, 1593, 0.92027621]]
[[104.07678683333332, 30.69035716666667, 12], 3.417576092516393, [10876, 11815, 0.92052476]]
[[104.07240374999999, 30.69505975, 4], 2.705587451284769, [9494, 10308, 0.92103221]]
[[104.0723292063492, 30.695439999999977, 63], 2.6709889176869446, [9459, 10269, 0.92112182]]
[[104.07296157142856, 30.694454285714283, 7], 2.796682696525082, [9510, 10322, 0.92133307]]
[[104.07260383333335, 30.694485083333333, 12], 2.7653688080999963, [9253, 10040, 0.92161355]]
[[104.07320559999998, 30.6939226, 5], 2.8568000414536168, [9383, 10179, 0.92179978]]
[[104.078379, 30.695018500000003, 2], 3.2269377809958626, [9864, 10700, 0.92186916]]
[[104.0723285, 30.69549275, 4], 2.6670020490060002, [9435, 10230, 0.92228739]]
[[104.06423749999999, 30.704482099999996, 10], 1.3388431773195846, [6151, 6666, 0.92274227]]
[[104.06357372413791, 30.70422003448277, 29], 1.2982557379045165, [6353, 6884, 0.92286461]]
[[104.02970077777779, 30.728991666666666, 9], 3.3621668989317772, [1439, 1559, 0.92302758]]
[[104.073249, 30.693965, 2], 2.8570766637503358, [9403, 10186, 0.92312979]]
[[104.07239, 30.6953435, 2], 2.6831845479597565, [9460, 10247, 0.92319703]]
[[104.07275909999998, 30.695463600000004, 10], 2.7047995185325924, [9366, 10144, 0.92330442]]
[[104.07234633333331, 30.695809111111114, 9], 2.6450715073950315, [9262, 10027, 0.92370599]]
[[104.07225683333336, 30.695672333333334, 6], 2.6477530028159526, [9338, 10108, 0.92382271]]
[[104.0732256, 30.694054599999998, 5], 2.8483758350123844, [9331, 10100, 0.92386139]]
[[104.06974285714286, 30.69092, 7], 2.8516569575712216, [9740, 10540, 0.92409867]]
[[104.07316105555557, 30.69440261111111, 18], 2.81683180026761, [9539, 10320, 0.92432171]]
[[104.07221244444446, 30.710517111111116, 9], 1.9697522711127287, [5358, 5796, 0.92443064]]
[[104.07502959999997, 30.690141500000003, 10], 3.2964041706211544, [10918, 11810, 0.92447079]]
[[104.07424683333333, 30.694709722222214, 18], 2.8843321915834417, [9463, 10235, 0.92457255]]
[[104.07288669230769, 30.693630153846154, 13], 2.8537705492014314, [9341, 10103, 0.92457686]]
[[104.07058933333332, 30.699632999999995, 6], 2.2257527141662052, [8562, 9259, 0.92472189]]
[[104.08489816216218, 30.694118378378384, 37], 3.892375066462746, [10524, 11370, 0.92559367]]
[[104.07489271428571, 30.690245, 7], 3.277600551132199, [10916, 11792, 0.92571235]]
[[104.073294625, 30.694741062499997, 16], 2.8025284363845295, [9423, 10178, 0.9258204]]
[[104.07235383333331, 30.695562916666663, 12], 2.663878374833117, [9435, 10190, 0.92590775]]
[[104.07421999999998, 30.694539999999996, 8], 2.89435985357578, [9462, 10213, 0.92646627]]
[[104.07994111764707, 30.695732470588236, 17], 3.3282030851947924, [9913, 10698, 0.9266218]]
[[104.07264033333335, 30.695646416666666, 12], 2.6814910196785733, [9342, 10079, 0.92687767]]
[[104.072214, 30.695402, 2], 2.664372286486789, [9463, 10207, 0.92710885]]
[[104.0732, 30.693998500000003, 6], 2.8505673166089647, [9376, 10112, 0.92721519]]
[[104.07318240000001, 30.69420326666667, 15], 2.833607166089249, [9566, 10316, 0.9272974]]
[[104.07279439999999, 30.6948998, 5], 2.7495346440795174, [9528, 10275, 0.92729927]]
[[104.02813422448979, 30.72740938775511, 49], 3.412398640141452, [1483, 1599, 0.92745466]]
[[104.07392949999999, 30.694423, 2], 2.878636427469274, [9450, 10187, 0.92765289]]
[[104.07335716666667, 30.69353933333333, 6], 2.8983126979203564, [9384, 10112, 0.92800633]]
[[104.0617805, 30.709297, 2], 0.8476032191114494, [5617, 6052, 0.92812293]]
[[104.07296299999999, 30.69558118181818, 11], 2.7132289829251572, [9393, 10118, 0.92834552]]
[[104.07845604761903, 30.694528047619055, 21], 3.2652565993258365, [10007, 10779, 0.92837926]]
[[104.07349975000004, 30.69316775, 12], 2.9383323652535123, [9439, 10167, 0.92839579]]
[[104.074295, 30.694499, 1], 2.903634031786218, [9431, 10156, 0.92861363]]
[[104.0721832, 30.6943604, 5], 2.741271628769295, [9335, 10051, 0.92876331]]
[[104.074003, 30.690715666666666, 3], 3.171809001155477, [10393, 11188, 0.92894172]]
[[104.07324998550736, 30.694000289855044, 69], 2.854474052692037, [9413, 10133, 0.92894503]]
[[104.07349681818177, 30.692438818181827, 44], 2.9950054262211157, [9563, 10293, 0.92907801]]
[[104.07992466666667, 30.691771166666665, 6], 3.5789476235402953, [10666, 11477, 0.92933693]]
[[104.02695911111111, 30.72073588888889, 9], 3.220846331711292, [1790, 1926, 0.92938733]]
[[104.08576514285713, 30.69491114285714, 7], 3.933892478174675, [9600, 10327, 0.92960201]]
[[104.07236028571427, 30.693895571428573, 7], 2.7914604259446616, [9392, 10102, 0.92971689]]
[[104.072854125, 30.69578225, 8], 2.6894892727659205, [9379, 10083, 0.93017951]]
[[104.073537, 30.69030145454545, 11], 3.170863014315421, [10436, 11218, 0.9302906]]
[[104.07292170000001, 30.696069, 10], 2.674549530496403, [9262, 9953, 0.9305737]]
[[104.07751276470589, 30.690677764705885, 17], 3.4523092681148984, [10905, 11717, 0.93069898]]
[[104.06311081818177, 30.694610045454535, 44], 2.1142651834174537, [8057, 8654, 0.93101456]]
[[104.073619, 30.69422025, 4], 2.8679957188524448, [9597, 10308, 0.93102445]]
[[104.07345157894734, 30.69001868421053, 38], 3.1880690576926902, [10510, 11288, 0.93107725]]
[[104.07329412500002, 30.69451841666667, 24], 2.819049549667354, [9553, 10260, 0.93109162]]
[[104.07560955555553, 30.739227222222226, 9], 3.859348436753285, [230, 247, 0.93117409]]
[[104.07331099999999, 30.694097499999998, 2], 2.8520547173821114, [9621, 10332, 0.93118467]]
[[104.047764, 30.721247909090913, 11], 1.3061066099017162, [4205, 4515, 0.93133998]]
[[104.07284999999979, 30.694710000000025, 80], 2.7683199718407603, [9525, 10226, 0.93144925]]
[[104.07387957142858, 30.687782, 7], 3.4083777064840493, [10643, 11426, 0.93147208]]
[[104.07304663636363, 30.695033545454542, 11], 2.7603652128272627, [9479, 10172, 0.9318718]]
[[104.07812899999999, 30.694446941176473, 17], 3.2410423685693295, [10141, 10882, 0.9319059]]
[[104.072821, 30.694539, 2], 2.778852936843341, [9568, 10267, 0.93191779]]
[[104.02689950000001, 30.70328116666667, 12], 3.199786717605402, [2733, 2931, 0.93244626]]
[[104.0465229090909, 30.73025836363636, 11], 2.2524208861056496, [1709, 1832, 0.93286026]]
[[104.07239833333334, 30.694489666666666, 6], 2.748486066589269, [9310, 9980, 0.93286573]]
[[104.07349294444444, 30.694851388888885, 18], 2.810838937730953, [9439, 10118, 0.93289188]]
[[104.0745439285714, 30.694453857142857, 14], 2.927853645711531, [9444, 10123, 0.93292502]]
[[104.07599258333333, 30.694678583333324, 24], 3.0363430279463923, [9756, 10457, 0.93296357]]
[[104.07327416666665, 30.695437333333334, 6], 2.7498021011851557, [9444, 10121, 0.93310938]]
[[104.07594907142857, 30.688084785714288, 14], 3.532919132155613, [11066, 11858, 0.93320965]]
[[104.06966363636366, 30.689802818181818, 11], 2.9473645939662942, [9824, 10523, 0.93357408]]
[[104.0734214, 30.695067599999998, 10], 2.789038463904279, [9404, 10072, 0.93367752]]
[[104.07262249999998, 30.6923675, 6], 2.933245227397827, [9602, 10282, 0.93386501]]
[[104.07328953333332, 30.69172966666667, 15], 3.0355541404725126, [9914, 10615, 0.93396138]]
[[104.04649505882355, 30.715113588235294, 17], 0.9703735641810881, [5525, 5911, 0.93469802]]
[[104.07373566666668, 30.695185750000004, 12], 2.80687040182055, [9496, 10158, 0.93482969]]
[[104.074134, 30.711904875, 8], 2.179636725148366, [5037, 5388, 0.93485523]]
[[104.07103929999998, 30.690372400000008, 20], 2.9870334007561445, [9951, 10644, 0.9348929]]
[[104.06687522222222, 30.74462555555555, 18], 3.9147505505977853, [403, 431, 0.9350348]]
[[104.07370699999998, 30.6902505, 4], 3.1876718621510594, [10492, 11220, 0.93511586]]
[[104.02986427906978, 30.720417930232564, 43], 2.9044579926871354, [2007, 2146, 0.93522833]]
[[104.02973042857143, 30.720387, 14], 2.9173009731915527, [1993, 2131, 0.93524167]]
[[104.07348357142857, 30.695355142857142, 7], 2.773381964742483, [9450, 10101, 0.93555094]]
[[104.07557209302325, 30.68809958139536, 43], 3.5036333340885992, [10950, 11704, 0.93557758]]
[[104.07565014285716, 30.68818385714286, 7], 3.502475308554735, [10966, 11718, 0.93582523]]
[[104.07603233333332, 30.71338540740741, 27], 2.3982912309370885, [4559, 4870, 0.93613963]]
[[104.07311902325581, 30.692378209302333, 43], 2.970458854360405, [9575, 10228, 0.93615565]]
[[104.07382400000002, 30.68793428571428, 7], 3.391377913123675, [10663, 11389, 0.93625428]]
[[104.06304758333333, 30.706637666666666, 12], 1.0970817562481316, [5461, 5831, 0.93654605]]
[[104.07304083333334, 30.71057516666667, 6], 2.06117401311685, [5344, 5705, 0.93672217]]
[[104.07676924444446, 30.694415444444438, 45], 3.12229444875326, [9880, 10542, 0.93720357]]
[[104.07367741666667, 30.687297083333334, 12], 3.436351095152921, [10761, 11481, 0.93728769]]
[[104.07320949999999, 30.695715, 2], 2.7243176977894827, [9442, 10072, 0.93745036]]
[[104.07335574999999, 30.68833375, 4], 3.3241816566291904, [10734, 11450, 0.93746725]]
[[104.07310657142855, 30.694828785714286, 14], 2.780496003720824, [9506, 10140, 0.93747535]]
[[104.07449376470588, 30.69475447058823, 17], 2.902013193983945, [9528, 10161, 0.93770298]]
[[104.04668870588235, 30.71509576470588, 17], 0.9499206369369401, [5523, 5889, 0.93785023]]
[[104.07161303571426, 30.692513142857134, 28], 2.8455085594191716, [9481, 10106, 0.93815555]]
[[104.06799128125003, 30.7078383125, 32], 1.5546538213952494, [5476, 5836, 0.93831391]]
[[104.07888425, 30.68947275, 4], 3.6549298876092213, [10670, 11371, 0.93835195]]
[[104.07252991489365, 30.6932280212766, 47], 2.857269008250191, [9403, 10020, 0.93842315]]
[[104.0844171333333, 30.69447006666666, 15], 3.8266346178661674, [10544, 11235, 0.93849577]]
[[104.07352808333333, 30.694487916666663, 12], 2.8405838026622066, [9537, 10161, 0.93858872]]
[[104.07469400000005, 30.688120000000016, 20], 3.437611105341959, [10891, 11603, 0.93863656]]
[[104.07358786666667, 30.69013093333334, 15], 3.1887490633971436, [10504, 11187, 0.93894699]]
[[104.07347799999998, 30.690080000000002, 5], 3.184897148378901, [10499, 11179, 0.93917166]]
[[104.06423360000001, 30.7261304, 5], 1.9413119148482685, [2582, 2749, 0.93925064]]
[[104.07363208333332, 30.68990483333333, 12], 3.210792510810818, [10630, 11316, 0.93937787]]
[[104.07686312500002, 30.6937366875, 16], 3.1770195246482595, [10129, 10781, 0.93952324]]
[[104.07363477777778, 30.694538666666663, 9], 2.8456486498582416, [9477, 10087, 0.93952612]]
[[104.05740149999997, 30.69967949999999, 22], 1.3618077082403035, [6969, 7416, 0.93972492]]
[[104.07355414285716, 30.68810864285714, 14], 3.357459590221675, [10717, 11404, 0.93975798]]
[[104.07374400000002, 30.688107545454546, 11], 3.370869076649087, [10732, 11418, 0.93991943]]
[[104.04706, 30.738484333333336, 9], 3.0963250119331165, [986, 1049, 0.9399428]]
[[104.07378213333332, 30.687503466666673, 15], 3.425647005379227, [10728, 11413, 0.93998072]]
[[104.0733365, 30.688095249999996, 4], 3.3434537810912763, [10734, 11418, 0.94009459]]
[[104.07392333333334, 30.694876111111107, 9], 2.845054373898562, [9480, 10080, 0.94047619]]
[[104.06126866666666, 30.731578666666664, 6], 2.341447508509431, [2168, 2305, 0.94056399]]
[[104.07353842857142, 30.688267142857143, 7], 3.3427111119831685, [10705, 11381, 0.94060276]]
[[104.07399142857142, 30.68830385714286, 7], 3.371598386890994, [10755, 11433, 0.94069798]]
[[104.02921664285715, 30.717544857142855, 14], 2.8829874990667643, [2381, 2531, 0.94073489]]
[[104.07387153191496, 30.694690659574487, 47], 2.8541940970953266, [9461, 10054, 0.9410185]]
[[104.07357257142857, 30.689973, 7], 3.2007482943917234, [10579, 11242, 0.94102473]]
[[104.07532391666666, 30.68812416666667, 12], 3.4832611019842377, [10968, 11652, 0.94129763]]
[[104.0573808125, 30.7012705, 16], 1.1903302301731096, [6701, 7118, 0.94141613]]
[[104.07767087500001, 30.694112999999998, 8], 3.22222239600775, [10173, 10805, 0.94150856]]
[[104.0737315, 30.694853285714284, 14], 2.8306154194014304, [9493, 10082, 0.94157905]]
[[104.07356159999999, 30.687883, 5], 3.3774669594441815, [10703, 11367, 0.94158529]]
[[104.07349912499998, 30.695553750000002, 8], 2.7604182240309347, [9448, 10034, 0.94159856]]
[[104.081357, 30.6958865, 2], 3.453888619733776, [9949, 10566, 0.94160515]]
[[104.03118693749995, 30.718700000000002, 32], 2.705097290128568, [2585, 2744, 0.94205539]]
[[104.07751735714285, 30.694509428571422, 14], 3.182210216380085, [10011, 10626, 0.94212309]]
[[104.07368581250002, 30.686885125000003, 16], 3.472935190048521, [10752, 11411, 0.94224871]]
[[104.06614681818179, 30.71058045454546, 11], 1.29774071335941, [5107, 5420, 0.94225092]]
[[104.07351755555554, 30.689389, 27], 3.245674811273404, [10740, 11398, 0.94227057]]
[[104.05731497142854, 30.701872857142863, 35], 1.1240161245240068, [6411, 6802, 0.94251691]]
[[104.07477607142857, 30.692659357142855, 14], 3.079859024023473, [9819, 10417, 0.94259384]]
[[104.06681438461538, 30.71101807692307, 13], 1.3684220411531518, [5047, 5354, 0.94265969]]
[[104.07609675, 30.6879495, 4], 3.555061172324941, [11196, 11877, 0.94266229]]
[[104.07346272727273, 30.688148181818182, 11], 3.347662839827706, [10756, 11409, 0.94276448]]
[[104.0741424, 30.694833799999998, 5], 2.8665722388600265, [9527, 10104, 0.9428939]]
[[104.07387739999999, 30.689912100000004, 10], 3.228265952266171, [10723, 11369, 0.94317882]]
[[104.07344999999994, 30.688110000000034, 55], 3.350072314823883, [10762, 11410, 0.94320771]]
[[104.0734485, 30.6881105, 2], 3.3499245776971605, [10762, 11410, 0.94320771]]
[[104.07775161538463, 30.69463469230769, 13], 3.1949095178020346, [10014, 10615, 0.94338201]]
[[104.02838412499999, 30.72199225, 8], 3.1199448031335106, [1786, 1893, 0.94347596]]
[[104.0744030588235, 30.688141823529424, 17], 3.414793352181912, [10769, 11413, 0.94357312]]
[[104.07406727272728, 30.68813890909092, 11], 3.391047181629962, [10750, 11391, 0.9437275]]
[[104.07503841379307, 30.68812127586208, 29], 3.462554091033524, [10952, 11601, 0.94405655]]
[[104.07366803448272, 30.688300413793097, 29], 3.348971843514974, [10741, 11377, 0.94409774]]
[[104.07359361538462, 30.689650384615376, 13], 3.229225926457452, [10762, 11397, 0.94428358]]
[[104.04920645454548, 30.727771818181818, 11], 1.8887925389824958, [2619, 2772, 0.94480519]]
[[104.07345966666668, 30.687511583333336, 12], 3.402690068318667, [10741, 11365, 0.94509459]]
[[104.06601815151518, 30.705492969696973, 33], 1.4471081257877196, [6044, 6394, 0.94526118]]
[[104.07432825000001, 30.68773725, 8], 3.443846036807804, [10835, 11461, 0.94537998]]
[[104.04547529999999, 30.7189013, 10], 1.2885287722529495, [4546, 4808, 0.94550749]]
[[104.07316214285716, 30.68810528571429, 7], 3.3305127349936865, [10735, 11346, 0.94614842]]
[[104.06340903846154, 30.70920657692307, 26], 1.0239678727185415, [5120, 5411, 0.94622066]]
[[104.0465798695652, 30.71494530434783, 23], 0.9543387740544544, [5636, 5956, 0.94627267]]
[[104.07577458823528, 30.687375411764705, 17], 3.578676459991823, [11311, 11952, 0.94636881]]
[[104.07059849999999, 30.710014750000003, 8], 1.7955762926713525, [5046, 5331, 0.94653911]]
[[104.02467291803282, 30.705137049180323, 61], 3.3876366252714156, [2392, 2527, 0.94657697]]
[[104.0638379, 30.743541000000004, 10], 3.6938556207774607, [572, 604, 0.94701987]]
[[104.07346894117649, 30.68985776470588, 17], 3.2027790140449355, [10672, 11269, 0.94702281]]
[[104.0745938, 30.688247999999998, 5], 3.41958682456869, [10798, 11400, 0.94719298]]
[[104.07386508333336, 30.68744841666667, 12], 3.4361724641249394, [10781, 11382, 0.94719733]]
[[104.07482533333332, 30.688161666666662, 6], 3.443639077424375, [10926, 11530, 0.94761492]]
[[104.06563849999998, 30.706000083333333, 12], 1.3838332601800514, [5990, 6317, 0.94823492]]
[[104.07462281818181, 30.68679781818182, 11], 3.5451878400617307, [11218, 11827, 0.94850765]]
[[104.0734705, 30.68806025, 4], 3.3557995034787926, [10764, 11343, 0.9489553]]
[[104.06431761538464, 30.707517153846155, 13], 1.1802343730554377, [5228, 5507, 0.94933721]]
[[104.0269725, 30.723673750000003, 4], 3.3365401638448, [1621, 1707, 0.94961921]]
[[104.07229158333332, 30.710742583333342, 12], 1.977157727150946, [5326, 5608, 0.94971469]]
[[104.06510188888888, 30.712847999999994, 9], 1.1849350186146486, [5049, 5316, 0.94977427]]
[[104.07668900000002, 30.68743620000001, 15], 3.641478375974835, [11392, 11994, 0.94980824]]
[[104.04656675806461, 30.714998999999985, 62], 0.9580112118061216, [5641, 5935, 0.95046335]]
[[104.0599811, 30.732331799999997, 10], 2.3802965587695795, [2189, 2303, 0.95049935]]
[[104.06500414285715, 30.73329171428571, 7], 2.675232381072744, [1691, 1779, 0.95053401]]
[[104.05951613333333, 30.730107099999998, 30], 2.1284068203152104, [2403, 2528, 0.9505538]]
[[104.0519965, 30.72868870000001, 10], 1.917093014969498, [2537, 2668, 0.95089955]]
[[104.02674300000001, 30.7328305, 4], 3.8789460673659915, [833, 876, 0.95091324]]
[[104.06447808333336, 30.708158333333333, 12], 1.1716007485069269, [5105, 5368, 0.95100596]]
[[104.0760692222222, 30.688237, 9], 3.5294877834565708, [11067, 11637, 0.9510183]]
[[104.0668197179487, 30.710571948717945, 39], 1.3722416909407626, [5053, 5313, 0.95106343]]
[[104.0701165, 30.709921500000004, 4], 1.7434154655364562, [4961, 5216, 0.95111196]]
[[104.07344955555554, 30.690276000000015, 27], 3.1665143204813546, [10395, 10929, 0.95113917]]
[[104.07319211111114, 30.690871611111113, 18], 3.0981949753613267, [10204, 10725, 0.95142191]]
[[104.03128180000002, 30.718593600000002, 5], 2.6915960882624277, [2618, 2751, 0.95165394]]
[[104.07768409999998, 30.688032599999996, 10], 3.6695949230193543, [11168, 11734, 0.9517641]]
[[104.07311590909089, 30.69031736363636, 11], 3.1385781085203024, [10379, 10903, 0.95193983]]
[[104.074106, 30.690259809523827, 21], 3.216700647348959, [10670, 11208, 0.95199857]]
[[104.07337964705881, 30.68700352941176, 17], 3.4417651676584624, [10851, 11396, 0.9521762]]
[[104.06484142857143, 30.704268428571428, 7], 1.407106526972583, [6270, 6584, 0.95230863]]
[[104.084042, 30.693020285714283, 7], 3.8737815986227817, [10844, 11387, 0.95231404]]
[[104.05025177777779, 30.729404666666667, 9], 2.0317959431409016, [2444, 2566, 0.95245518]]
[[104.077208, 30.687867333333333, 3], 3.6459617853204875, [11226, 11782, 0.95280937]]
[[104.07218175, 30.6887585, 4], 3.2063025951793565, [10492, 11010, 0.95295186]]
[[104.07581049999999, 30.688177, 8], 3.5149939735213773, [11001, 11542, 0.95312771]]
[[104.0765439473684, 30.686498, 19], 3.7082075194433863, [11587, 12152, 0.9535056]]
[[104.06636693333333, 30.711210333333337, 15], 1.317939543803929, [5114, 5362, 0.9537486]]
[[104.06701157692308, 30.71134784615385, 26], 1.3890670507505702, [5031, 5274, 0.95392491]]
[[104.07521359999998, 30.6877434, 5], 3.5069511318445117, [11162, 11700, 0.95401709]]
[[104.077186, 30.688196428571427, 7], 3.6179559922160487, [11142, 11676, 0.95426516]]
[[104.07809723529412, 30.689003764705884, 17], 3.626523675841364, [11084, 11613, 0.9544476]]
[[104.02624387499999, 30.72522025, 8], 3.481792064437672, [1535, 1608, 0.95460199]]
[[104.02680662962968, 30.724237962962974, 54], 3.3789261849341736, [1586, 1661, 0.95484648]]
[[104.04929416666667, 30.729047388888894, 18], 2.021029523389431, [2386, 2498, 0.95516413]]
[[104.0741459375, 30.687175625000002, 16], 3.4793019574470927, [11010, 11526, 0.95523165]]
[[104.07499216666668, 30.687245500000003, 12], 3.532993409374135, [11277, 11804, 0.95535412]]
[[104.06845287499999, 30.71299475, 8], 1.556487771698285, [5251, 5496, 0.95542213]]
[[104.074058, 30.68857, 3], 3.3537732285800184, [10734, 11233, 0.95557732]]
[[104.07327900000001, 30.69001325, 4], 3.175916622751814, [10493, 10980, 0.95564663]]
[[104.07760033333334, 30.689114333333336, 9], 3.578318081312515, [11046, 11558, 0.95570168]]
[[104.01924082758619, 30.709393793103445, 29], 3.92142214546417, [1863, 1948, 0.9563655]]
[[104.07666219999997, 30.688112333333333, 15], 3.5845156876713604, [11138, 11643, 0.9566263]]
[[104.04661344444443, 30.714853000000012, 18], 0.946952752650283, [5698, 5956, 0.95668234]]
[[104.03204333333333, 30.720556666666667, 3], 2.6836387968953552, [2447, 2557, 0.95698084]]
[[104.07404664062496, 30.68629687500001, 64], 3.549083829295088, [11173, 11672, 0.95724812]]
[[104.07709824999999, 30.688883, 4], 3.556754195217183, [11056, 11547, 0.95747813]]
[[104.07629010000001, 30.6881299, 10], 3.5548675889463257, [11220, 11715, 0.95774648]]
[[104.02914299999999, 30.72665641666666, 12], 3.273414525752912, [1544, 1612, 0.95781638]]
[[104.0733410000001, 30.686569806451633, 31], 3.4774970845653894, [10956, 11437, 0.95794352]]
[[104.05270388461538, 30.730283230769228, 26], 2.083399751401444, [2348, 2451, 0.95797634]]
[[104.06650727272724, 30.707012318181818, 22], 1.4267771901927853, [5656, 5904, 0.95799458]]
[[104.07298005555556, 30.685160499999995, 18], 3.5806053956003874, [11770, 12278, 0.95862518]]
[[104.07331583333333, 30.715367, 18], 2.1300025778316165, [4218, 4400, 0.95863636]]
[[104.07580025, 30.685086499999997, 8], 3.775087532815966, [12163, 12683, 0.95900024]]
[[104.0457564, 30.7153216, 5], 1.0547970147352235, [5476, 5710, 0.95901926]]
[[104.07573299999999, 30.685133200000003, 10], 3.766372127108089, [12169, 12688, 0.95909521]]
[[104.075086, 30.68846825, 4], 3.437168822054252, [10805, 11264, 0.95925071]]
[[104.07653052631572, 30.68813, 38], 3.5730708443408816, [11266, 11744, 0.95929837]]
[[104.076898375, 30.6881635, 8], 3.598449378632938, [11163, 11634, 0.95951521]]
[[104.07709944444443, 30.68836433333333, 18], 3.597891843437666, [11160, 11629, 0.95966979]]
[[104.08110194444447, 30.689448333333328, 18], 3.8425240276185755, [10949, 11407, 0.95984922]]
[[104.07223753846156, 30.71174969230769, 13], 1.9689368809929069, [5332, 5554, 0.96002881]]
[[104.076668, 30.688247500000003, 2], 3.574061213263631, [11075, 11536, 0.96003814]]
[[104.07475799999999, 30.686076833333335, 6], 3.6169969559218456, [11385, 11858, 0.96011132]]
[[104.08067349999999, 30.690039499999997, 2], 3.764041362851134, [10857, 11308, 0.96011673]]
[[104.0764695, 30.688097499999998, 4], 3.5710727693673094, [11300, 11769, 0.96014955]]
[[104.07664050000001, 30.688373666666667, 6], 3.561810472884923, [11065, 11523, 0.96025341]]
[[104.07673607692308, 30.68811823076923, 13], 3.5896730752592787, [11174, 11636, 0.96029563]]
[[104.08275216666665, 30.6895105, 6], 3.980756110133683, [11184, 11646, 0.96032973]]
[[104.06643400000002, 30.711782227272725, 22], 1.3248284217219581, [5147, 5359, 0.96044038]]
[[104.06323975000001, 30.709595, 4], 0.9953132700943383, [5221, 5436, 0.96044886]]
[[104.06579928571429, 30.711188571428572, 7], 1.2550518788321348, [5193, 5406, 0.96059933]]
[[104.075768, 30.685216000000004, 5], 3.7616445410051242, [12166, 12662, 0.96082767]]
[[104.07337577777778, 30.686227, 9], 3.5102758281564443, [11156, 11609, 0.96097855]]
[[104.076609, 30.688089599999994, 10], 3.5823034473986506, [11118, 11569, 0.96101651]]
[[104.07369122222221, 30.68620916666666, 18], 3.5328658773334953, [11154, 11606, 0.96105463]]
[[104.07608607692306, 30.688879846153846, 13], 3.4786842298822824, [11029, 11475, 0.9611329]]
[[104.02917599999999, 30.720080636363637, 22], 2.9643986961752593, [1940, 2018, 0.96134787]]
[[104.06200407142856, 30.701687285714286, 14], 1.3800339998632134, [6993, 7274, 0.96136926]]
[[104.06358426086959, 30.702833695652167, 23], 1.4012926266353891, [6881, 7157, 0.96143636]]
[[104.06235699999999, 30.705162599999998, 15], 1.1274702689512177, [5821, 6054, 0.96151305]]
[[104.0757099999999, 30.685080031250042, 96], 3.76938225606979, [12205, 12692, 0.96162937]]
[[104.0751247692308, 30.68633723076923, 13], 3.6200104041000527, [11406, 11861, 0.96163898]]
[[104.07567258333334, 30.684994250000003, 12], 3.7742354074481494, [12224, 12711, 0.96168673]]
[[104.0757, 30.68506, 1], 3.7704260665867597, [12215, 12701, 0.9617353]]
[[104.04609154545454, 30.714728363636368, 11], 0.9958424055958269, [5756, 5985, 0.96173768]]
[[104.07648151515157, 30.68813187878788, 33], 3.5691975722357676, [11300, 11749, 0.96178398]]
[[104.05823463636364, 30.728479818181825, 33], 1.9189706537122833, [2545, 2646, 0.96182918]]
[[104.07234209999999, 30.7111585, 10], 1.9810793363360677, [5342, 5554, 0.96182931]]
[[104.07572, 30.68507, 1], 3.7709451209611182, [12205, 12687, 0.96200836]]
[[104.07675933333333, 30.688512000000003, 3], 3.5598543902262936, [11067, 11503, 0.96209684]]
[[104.073598125, 30.685804999999995, 16], 3.5625992606128696, [11239, 11680, 0.96224315]]
[[104.07657359999999, 30.6881268, 5], 3.576603505644944, [11092, 11526, 0.962346]]
[[104.074698, 30.685680333333334, 3], 3.6474747348501046, [11569, 12021, 0.96239913]]
[[104.07661125, 30.688181, 4], 3.5750908838384765, [11111, 11545, 0.96240797]]
[[104.07290142105263, 30.685907315789468, 19], 3.5078920982097332, [11146, 11581, 0.96243848]]
[[104.06875497058822, 30.68575314705882, 34], 3.276407127189605, [10023, 10414, 0.96245439]]
[[104.07652333333334, 30.688113333333337, 3], 3.573873745461634, [11285, 11725, 0.96247335]]
[[104.07676062499999, 30.688161875000002, 8], 3.588032941493973, [11158, 11593, 0.96247736]]
[[104.07568, 30.68509, 1], 3.766438712165877, [12199, 12673, 0.96259765]]
[[104.07619057894733, 30.685636052631576, 19], 3.755357830219654, [11885, 12346, 0.96265997]]
[[104.04573225490198, 30.71470692156861, 51], 1.0325167002045015, [5676, 5895, 0.96284987]]
[[104.07335000000006, 30.685749999999988, 27], 3.551210771699512, [11293, 11726, 0.96307351]]
[[104.07401305555557, 30.686107611111115, 18], 3.5634651892265, [11193, 11622, 0.96308725]]
[[104.0736435, 30.68649771428571, 28], 3.504152986276132, [11108, 11532, 0.96323274]]
[[104.03044616666666, 30.716675999999996, 6], 2.7287779859673242, [2782, 2888, 0.9632964]]
[[104.0660945, 30.709868083333333, 12], 1.3012683228443498, [4907, 5092, 0.9636685]]
[[104.05089536, 30.6767672, 25], 3.8870884354667785, [13347, 13850, 0.96368231]]
[[104.07445275, 30.68556975, 8], 3.6405396612163754, [11627, 12063, 0.96385642]]
[[104.07325060000001, 30.6856098, 5], 3.557330064970871, [11304, 11724, 0.96417605]]
[[104.03069416666669, 30.727358166666665, 6], 3.168923674015457, [1537, 1594, 0.9642409]]
[[104.07355566666666, 30.685713533333335, 15], 3.567968206007737, [11278, 11695, 0.96434374]]
[[104.03494844444445, 30.736215, 9], 3.4892891042642677, [813, 843, 0.96441281]]
[[104.07361155999999, 30.68548532, 25], 3.592060565990629, [11541, 11963, 0.96472457]]
[[104.06231475925928, 30.731640425925928, 54], 2.3876333082684784, [2112, 2189, 0.96482412]]
[[104.06695615000004, 30.711705350000006, 20], 1.382682100478735, [5075, 5260, 0.9648289]]
[[104.07572725, 30.686620374999997, 8], 3.6386636514948996, [11528, 11948, 0.96484767]]
[[104.07357566666666, 30.686023000000002, 9], 3.541689765267692, [11209, 11617, 0.96487906]]
[[104.07520885714287, 30.685582428571426, 21], 3.6910976509904785, [11876, 12308, 0.96490088]]
[[104.08315564285718, 30.690028678571444, 28], 3.981277365971156, [11080, 11481, 0.96507273]]
[[104.07660291666667, 30.687930750000003, 12], 3.5947077438630552, [11257, 11662, 0.96527182]]
[[104.05387139130436, 30.732637217391307, 23], 2.3361733723823015, [2364, 2449, 0.96529196]]
[[104.05456799999999, 30.732864785714284, 42], 2.3604032826574213, [2395, 2481, 0.96533656]]
[[104.0449896153846, 30.71469415384615, 13], 1.1101176735021203, [5672, 5874, 0.96561117]]
[[104.0655315, 30.712449666666657, 24], 1.2281232106272664, [5147, 5330, 0.96566604]]
[[104.063522, 30.708515, 1], 1.0583703551165509, [4984, 5160, 0.96589147]]
[[104.024307, 30.705019882352946, 17], 3.4300889413124884, [2441, 2527, 0.96596755]]
[[104.06952000000001, 30.708237187500004, 16], 1.7084948505521926, [5373, 5562, 0.96601942]]
[[104.08252790476189, 30.690431142857143, 21], 3.8987459583120136, [10875, 11256, 0.96615139]]
[[104.06616933333332, 30.68999673333333, 15], 2.7254387460758482, [9311, 9637, 0.96617205]]
[[104.06197781249998, 30.7302443125, 16], 2.2297688962176774, [2380, 2463, 0.96630126]]
[[104.07370077777779, 30.68595555555555, 9], 3.5559996417936643, [11256, 11647, 0.96642912]]
[[104.06669781818181, 30.711989727272726, 11], 1.3546487284218738, [5076, 5252, 0.96648896]]
[[104.06588063157895, 30.71235194736842, 19], 1.2660045134043805, [5113, 5290, 0.96654064]]
[[104.02775175000002, 30.723000624999997, 8], 3.227492027202977, [1680, 1738, 0.96662831]]
[[104.07601873333333, 30.6860682, 15], 3.7063508276182935, [11707, 12106, 0.96704114]]
[[104.06225657377054, 30.702771590163923, 61], 1.3044519424495016, [6682, 6909, 0.9671443]]
[[104.06356679999999, 30.709037000000002, 10], 1.0458522920109863, [5066, 5238, 0.96716304]]
[[104.04680583333332, 30.717115833333335, 18], 1.050840101568895, [4949, 5117, 0.96716826]]
[[104.06233092307691, 30.73043661538462, 13], 2.2643494927622188, [2362, 2442, 0.96723997]]
[[104.02900821875001, 30.721147218749994, 32], 3.0215258134397507, [1891, 1955, 0.96726343]]
[[104.06617285714286, 30.688613, 7], 2.861686267992015, [9292, 9605, 0.96741281]]
[[104.07670266666666, 30.688866, 6], 3.5272739562850965, [11047, 11419, 0.96742272]]
[[104.07342366666666, 30.686055666666668, 9], 3.5287144861780035, [11216, 11591, 0.96764731]]
[[104.0466616999999, 30.717049599999992, 60], 1.0596697832635018, [4953, 5118, 0.96776084]]
[[104.0466148, 30.717034, 10], 1.0629647409151277, [4953, 5118, 0.96776084]]
[[104.04620066666666, 30.716861000000005, 3], 1.0907242877643482, [4986, 5152, 0.9677795]]
[[104.072908, 30.685521, 1], 3.5432631026077814, [11320, 11696, 0.96785226]]
[[104.0749646, 30.685584999999996, 5], 3.6740498285965977, [11743, 12133, 0.96785626]]
[[104.032068, 30.718792, 2], 2.6147969350702955, [2693, 2782, 0.96800863]]
[[104.0734292, 30.684965299999998, 10], 3.627037495914954, [12101, 12500, 0.96808]]
[[104.08010379999999, 30.689514600000003, 5], 3.753243818390828, [10830, 11187, 0.96808796]]
[[104.07221, 30.71326, 1], 1.9744266772147394, [4675, 4829, 0.96810934]]
[[104.055335, 30.73271475, 4], 2.345569185989162, [2417, 2496, 0.96834936]]
[[104.07462896428571, 30.68582310714287, 28], 3.6302658328492634, [11431, 11803, 0.96848259]]
[[104.07340000000013, 30.68585000000002, 56], 3.5455292231976325, [11291, 11657, 0.96860256]]
[[104.07561512500001, 30.685114250000005, 8], 3.7598429131522066, [12189, 12584, 0.96861093]]
[[104.0760307, 30.6852908, 10], 3.7735838039837573, [12097, 12487, 0.96876752]]
[[104.07430059999999, 30.685787299999998, 10], 3.6111001393429785, [11454, 11818, 0.96919953]]
[[104.06445185, 30.689267649999998, 20], 2.713883433107837, [9614, 9919, 0.96925093]]
[[104.07719013333335, 30.689193333333332, 15], 3.5396660178876713, [10988, 11336, 0.96930134]]
[[104.07654360000001, 30.6880598, 5], 3.579747964139168, [11279, 11636, 0.96931935]]
[[104.08131357142857, 30.687900857142857, 7], 3.972213724256714, [11573, 11935, 0.96966904]]
[[104.06216535714285, 30.728192428571436, 28], 2.0288006166747956, [2497, 2575, 0.96970874]]
[[104.0647262777778, 30.71255766666666, 18], 1.140083386389135, [5160, 5321, 0.96974253]]
[[104.07334399999999, 30.6858345, 2], 3.5432433188706707, [11283, 11634, 0.96982981]]
[[104.07315800000008, 30.685453000000035, 56], 3.5654792617465634, [11559, 11918, 0.9698775]]
[[104.073157, 30.685453, 2], 3.5654147876249502, [11559, 11918, 0.9698775]]
[[104.073159, 30.685453, 2], 3.5655437381542354, [11559, 11918, 0.9698775]]
[[104.07316188888886, 30.685454055555553, 18], 3.5656346493307094, [11559, 11918, 0.9698775]]
[[104.06555744827588, 30.710157965517247, 29], 1.237770082352617, [5180, 5340, 0.97003745]]
[[104.06531769565217, 30.71246204347827, 23], 1.2045707428173804, [5157, 5316, 0.97009029]]
[[104.06782476923075, 30.712145769230766, 26], 1.4802895207102789, [5097, 5253, 0.97030268]]
[[104.06688409375002, 30.712128093750007, 32], 1.3758836681937099, [5108, 5264, 0.97036474]]
[[104.05071273333333, 30.676218600000002, 15], 3.9497706563232815, [13277, 13682, 0.97039906]]
[[104.0627215, 30.707904499999998, 2], 1.0005391397545804, [5295, 5456, 0.9704912]]
[[104.075535, 30.68568613333333, 15], 3.704806396361706, [11982, 12343, 0.97075265]]
[[104.0757345, 30.6854795, 8], 3.7365714704614845, [12183, 12549, 0.97083433]]
[[104.068526375, 30.712184750000002, 16], 1.5582800071202911, [5203, 5359, 0.97089009]]
[[104.073193, 30.685402, 1], 3.572343979016167, [11609, 11957, 0.97089571]]
[[104.0748611578947, 30.68537773684211, 19], 3.6851061100799747, [11847, 12202, 0.97090641]]
[[104.074534, 30.685784, 1], 3.627216097070739, [11507, 11851, 0.97097291]]
[[104.0554405, 30.730194599999997, 10], 2.066639034088684, [2409, 2481, 0.97097944]]
[[104.04656233333333, 30.716993277777775, 18], 1.065218353544143, [4955, 5103, 0.97099745]]
[[104.04330376923077, 30.723276461538465, 13], 1.7956470291517137, [3471, 3574, 0.97118075]]
[[104.08503358333331, 30.694637, 36], 3.87713177372151, [10157, 10458, 0.97121821]]
[[104.0739404081633, 30.68563730612246, 49], 3.600219494404971, [11585, 11928, 0.97124413]]
[[104.04551941176473, 30.716521764705877, 17], 1.1367328550326365, [5008, 5156, 0.97129558]]
[[104.07592825, 30.68511575, 4], 3.7814775770398885, [12186, 12546, 0.9713056]]
[[104.07356874999998, 30.68562895, 20], 3.5763928952681643, [11352, 11687, 0.97133567]]
[[104.03162042857142, 30.718495714285716, 7], 2.652471905491767, [2725, 2805, 0.9714795]]
[[104.08009337931036, 30.690197931034483, 29], 3.703259482473371, [10782, 11098, 0.9715264]]
[[104.079783, 30.690324, 6], 3.6678711159289974, [10575, 10883, 0.97169898]]
[[104.08102731999999, 30.688105560000004, 25], 3.9333604803644158, [11529, 11864, 0.97176332]]
[[104.06359318181818, 30.709161363636362, 22], 1.0450100461418657, [5083, 5230, 0.97189293]]
[[104.0469864285714, 30.716431714285715, 7], 0.9915675326335864, [5123, 5271, 0.97192184]]
[[104.0673364, 30.7121694, 10], 1.4262415066330705, [5128, 5276, 0.97194845]]
[[104.07242338461538, 30.684324769230766, 13], 3.6227276793078866, [12396, 12752, 0.97208281]]
[[104.06611388235292, 30.68920305882353, 17], 2.8004251515854244, [9232, 9491, 0.97271099]]
[[104.05435285714283, 30.726811071428575, 14], 1.688507923896242, [2682, 2756, 0.97314949]]
[[104.04960183333333, 30.727278666666667, 6], 1.823283125117266, [3124, 3210, 0.97320872]]
[[104.06364177777779, 30.70885533333333, 9], 1.059484946861638, [5013, 5151, 0.97320909]]
[[104.06579857142857, 30.711835999999998, 7], 1.2544149844745762, [5218, 5361, 0.97332587]]
[[104.06705950000001, 30.712038875000005, 24], 1.3949553829161794, [5131, 5271, 0.97343958]]
[[104.07483250000001, 30.6850285, 2], 3.7138668704051105, [12000, 12324, 0.97370983]]
[[104.025125875, 30.72227975, 8], 3.4693427418870453, [1641, 1685, 0.97388724]]
[[104.02368128571432, 30.70484171428572, 21], 3.5021644741681577, [2429, 2494, 0.97393745]]
[[104.0733886, 30.6859466, 5], 3.536140401577137, [11320, 11622, 0.9740148]]
[[104.03002980000001, 30.718836000000003, 5], 2.8324589814779197, [2295, 2356, 0.97410866]]
[[104.06437937499999, 30.71229875, 8], 1.0993500854415006, [5213, 5351, 0.97421043]]
[[104.063475, 30.709017499999998, 4], 1.0366468892201122, [5063, 5197, 0.97421589]]
[[104.02970889999999, 30.720616400000004, 10], 2.9281583472847, [1969, 2021, 0.97427016]]
[[104.04286622222224, 30.715538833333337, 18], 1.3633547308041098, [5129, 5264, 0.9743541]]
[[104.05163861904764, 30.736955523809527, 21], 2.8323278379743355, [1294, 1328, 0.97439759]]
[[104.06338962500001, 30.708919125, 8], 1.0306427610429993, [5070, 5202, 0.97462514]]
[[104.0783911538462, 30.688150338461522, 65], 3.715887862812532, [11126, 11415, 0.97468244]]
[[104.0252244375, 30.705246374999998, 16], 3.3252367474218008, [2429, 2492, 0.9747191]]
[[104.05104423076918, 30.676303576923072, 26], 3.936636279771222, [13307, 13652, 0.97472898]]
[[104.07540661538461, 30.68561392307693, 13], 3.702083409984274, [11997, 12303, 0.97512802]]
[[104.06875540350877, 30.71216657894736, 57], 1.583599078506502, [5259, 5393, 0.97515298]]
[[104.07439776923077, 30.685379076923077, 13], 3.6536675211609193, [11782, 12082, 0.97516967]]
[[104.07494766666667, 30.683863000000002, 3], 3.8249901671416358, [12534, 12853, 0.97518089]]
[[104.05489394285713, 30.694516599999996, 35], 1.8967615124352357, [8316, 8525, 0.97548387]]
[[104.04608676923075, 30.71410053846154, 13], 0.9742433044675591, [6049, 6201, 0.97548782]]
[[104.075473, 30.685098250000003, 4], 3.751421467722538, [12153, 12457, 0.97559605]]
[[104.05192625, 30.726722875, 8], 1.702775952795986, [3414, 3499, 0.97570734]]
[[104.07876874999997, 30.688342500000005, 8], 3.7311251664555303, [11204, 11482, 0.97578819]]
[[104.078667, 30.6882231, 10], 3.7321814136365403, [11241, 11515, 0.97620495]]
[[104.07869733333332, 30.688241333333334, 3], 3.7331962665458156, [11241, 11513, 0.97637453]]
[[104.081445, 30.691215, 2], 3.7503896572554987, [10837, 11099, 0.97639427]]
[[104.06527775, 30.704594, 4], 1.4268743724034842, [6313, 6464, 0.97663985]]
[[104.06499420833336, 30.71253283333333, 24], 1.1694501208470423, [5154, 5276, 0.97687642]]
[[104.05076192307693, 30.675796, 26], 3.9958452677571517, [13265, 13578, 0.976948]]
[[104.03043625, 30.719716499999997, 4], 2.8189228263668005, [2250, 2303, 0.97698654]]
[[104.06342414285714, 30.727427, 7], 2.0168252657542576, [2428, 2485, 0.97706237]]
[[104.07534033333333, 30.68534766666667, 6], 3.720577768412444, [12088, 12371, 0.97712392]]
[[104.04520029545455, 30.713223090909093, 44], 1.0478713284111836, [6259, 6405, 0.97720531]]
[[104.07852799999996, 30.688138547619037, 42], 3.727657872791168, [11227, 11488, 0.97728064]]
[[104.05760826666668, 30.700242866666667, 15], 1.307002254098129, [6732, 6887, 0.97749383]]
[[104.06583988888889, 30.712514222222225, 9], 1.2628116481166896, [5125, 5242, 0.97768027]]
[[104.04442672727274, 30.71573972727272, 33], 1.2088718728782462, [5268, 5388, 0.97772829]]
[[104.06706881159424, 30.71225030434785, 69], 1.3970042162280045, [5149, 5266, 0.977782]]
[[104.02275185714284, 30.70758871428571, 14], 3.5520606817262435, [2169, 2218, 0.97790803]]
[[104.078667, 30.688420857142862, 7], 3.7169532206467633, [11188, 11440, 0.97797203]]
[[104.02262387500001, 30.703965875000005, 8], 3.6383070772862247, [2532, 2589, 0.97798378]]
[[104.0671902666666, 30.71231463333335, 30], 1.4108513465467176, [5153, 5269, 0.97798444]]
[[104.06488266666665, 30.708873222222223, 9], 1.1915584215368964, [4914, 5024, 0.9781051]]
[[104.05112205882351, 30.675977294117647, 34], 3.9718580501879077, [13304, 13599, 0.97830723]]
[[104.06970640000002, 30.7131928, 5], 1.6971446730650097, [5291, 5408, 0.97836538]]
[[104.05825689999999, 30.725582399999997, 10], 1.6070937398307077, [3002, 3068, 0.97848761]]
[[104.06352043181822, 30.708961727272733, 44], 1.0432150220034921, [5084, 5195, 0.9786333]]
[[104.04479966666665, 30.717937611111115, 18], 1.2861723866994823, [4811, 4914, 0.97903948]]
[[104.0500036, 30.7259992, 5], 1.6744252450695942, [3466, 3540, 0.97909605]]
[[104.0718406, 30.68634, 5], 3.4009574162288425, [10822, 11053, 0.9791007]]
[[104.07967699999998, 30.688039606060617, 33], 3.8274459355719666, [11367, 11608, 0.97923846]]
[[104.06414053846157, 30.70934576923077, 13], 1.098964681888377, [5047, 5153, 0.97942946]]
[[104.06999432000002, 30.710951000000005, 25], 1.7213775830282358, [4782, 4882, 0.97951659]]
[[104.06794388235295, 30.710846470588233, 17], 1.4946131628900325, [4885, 4987, 0.97954682]]
[[104.02532305, 30.719820499999997, 20], 3.3647302982204748, [1829, 1867, 0.97964649]]
[[104.08045984210521, 30.69021005263157, 19], 3.7336995446937213, [10821, 11044, 0.97980804]]
[[104.050386, 30.676828399999994, 20], 3.886568212691915, [13233, 13505, 0.97985931]]
[[104.076576, 30.685474, 1], 3.796650548877532, [12168, 12415, 0.98010471]]
[[104.02579033333335, 30.723716333333332, 6], 3.4589468239755643, [1626, 1659, 0.9801085]]
[[104.078951, 30.6882182, 5], 3.7552794061118893, [11227, 11454, 0.9801816]]
[[104.06344494736841, 30.71109457894737, 19], 0.994472867773768, [5342, 5450, 0.98018349]]
[[104.02196475000001, 30.706000000000003, 4], 3.6645175140607975, [2323, 2369, 0.98058252]]
[[104.08382805555556, 30.691431388888887, 18], 3.9508948326867097, [11067, 11286, 0.98059543]]
[[104.060525, 30.74274193333333, 15], 3.520853925575879, [787, 802, 0.98129676]]
[[104.05355449999999, 30.676937, 2], 3.8490240972357133, [13406, 13658, 0.98154928]]
[[104.06377400000002, 30.708952375, 8], 1.070543032675992, [5063, 5158, 0.98158201]]
[[104.07869092857142, 30.688114785714284, 14], 3.742455685709178, [11260, 11471, 0.98160579]]
[[104.07052019999999, 30.712025599999997, 5], 1.778869610349696, [5044, 5138, 0.98170494]]
[[104.0664611, 30.7094341, 20], 1.3492735389092088, [4852, 4942, 0.98178875]]
[[104.04566746153847, 30.713213923076918, 13], 0.9966445372521863, [6315, 6431, 0.98196237]]
[[104.06463240000001, 30.7111808, 5], 1.1256585382553796, [5272, 5368, 0.98211624]]
[[104.07314322222221, 30.684189333333336, 9], 3.6796364086488573, [12637, 12867, 0.98212482]]
[[104.05477476000002, 30.694522439999993, 25], 1.8958544874124466, [8437, 8590, 0.98218859]]
[[104.07890107142855, 30.687929928571425, 14], 3.773485068999105, [11490, 11692, 0.98272323]]
[[104.06163959999999, 30.7266396, 5], 1.8479531772520184, [2737, 2785, 0.98276481]]
[[104.049953, 30.728637000000003, 3], 1.9573004203594, [2625, 2671, 0.98277799]]
[[104.06427622222222, 30.69105522222222, 9], 2.525493736617203, [9541, 9707, 0.98289894]]
[[104.08554160000001, 30.69383345, 20], 3.9700639765896364, [10352, 10532, 0.98290923]]
[[104.0549598, 30.6947676, 5], 1.869093353624327, [8261, 8404, 0.98298429]]
[[104.0621945, 30.7271514375, 16], 1.925946086388966, [2680, 2726, 0.98312546]]
[[104.06673262500001, 30.710227187500003, 16], 1.3663452043598336, [4985, 5070, 0.98323471]]
[[104.02297558333333, 30.696930249999994, 12], 3.859529875107229, [3188, 3242, 0.98334362]]
[[104.07864320000002, 30.687348200000002, 5], 3.7984775909183672, [11754, 11947, 0.98384532]]
[[104.06980940909094, 30.712054045454543, 22], 1.7000916106198178, [5159, 5242, 0.98416635]]
[[104.08303212499999, 30.717702749999997, 8], 3.23870099411867, [1952, 1983, 0.98436712]]
[[104.06648909574464, 30.709219606382987, 94], 1.3567664471889211, [4854, 4931, 0.98438451]]
[[104.06701779999999, 30.712892999999998, 5], 1.3968685873443663, [5192, 5274, 0.98445203]]
[[104.06973844444445, 30.710238222222227, 9], 1.6982079611036824, [4689, 4763, 0.98446357]]
[[104.07579914705882, 30.684975088235298, 34], 3.7846598674037932, [12259, 12452, 0.98450048]]
[[104.07134154545456, 30.68643218181818, 11], 3.3614068353597264, [10496, 10661, 0.98452303]]
[[104.071038, 30.687914, 1], 3.206597770977775, [10185, 10343, 0.98472397]]
[[104.06702307142857, 30.712441714285717, 14], 1.3931972593377577, [5126, 5205, 0.98482229]]
[[104.048782, 30.727223, 4], 1.8466532372409399, [2934, 2979, 0.98489426]]
[[104.06642043999996, 30.712370760000013, 25], 1.3259318714205726, [5121, 5199, 0.98499711]]
[[104.06697039999999, 30.7095074, 5], 1.4035679011648807, [4811, 4883, 0.98525497]]
[[104.07569275000003, 30.68481535, 20], 3.791182418373014, [12171, 12352, 0.9853465]]
[[104.06636502857145, 30.687974685714284, 35], 2.934547745832823, [9569, 9704, 0.98608821]]
[[104.06527516666667, 30.689238666666668, 6], 2.7552459377620853, [9292, 9423, 0.98609785]]
[[104.06094537499999, 30.727081, 8], 1.8613750812958094, [2704, 2742, 0.9861415]]
[[104.06398299999998, 30.7085673, 20], 1.1051306179295328, [4993, 5059, 0.98695394]]
[[104.05692193333333, 30.702593666666665, 15], 1.0352188804142068, [6428, 6512, 0.98710074]]
[[104.02307449999999, 30.704384500000003, 6], 3.578997858124402, [2472, 2504, 0.98722045]]
[[104.056798375, 30.689266625000002, 8], 2.492097500867609, [7884, 7984, 0.98747495]]
[[104.06598549999998, 30.709128600000003, 10], 1.3040706315491433, [4862, 4922, 0.98780983]]
[[104.08008241176469, 30.68684335294118, 17], 3.951586538565851, [11725, 11864, 0.98828388]]
[[104.06073474074073, 30.72841755555555, 27], 1.9909024082592217, [2629, 2660, 0.98834586]]
[[104.04727102222223, 30.681633599999987, 45], 3.4216877512262336, [11286, 11419, 0.98835275]]
[[104.05770100000001, 30.699568333333332, 3], 1.3819718600416546, [6840, 6919, 0.98858217]]
[[104.04368499999998, 30.718121750000005, 8], 1.4018445197612734, [4589, 4639, 0.98922182]]
[[104.04679614285713, 30.716881285714287, 7], 1.0367744265044387, [5059, 5114, 0.98924521]]
[[104.05252433333334, 30.676509, 6], 3.901269517939402, [13479, 13622, 0.98950228]]
[[104.06218457142859, 30.73102042857143, 7], 2.3182946818323833, [2263, 2287, 0.9895059]]
[[104.07909725, 30.6852925, 4], 3.9977097492732483, [12591, 12723, 0.98962509]]
[[104.07137328571432, 30.685933714285692, 28], 3.4094639610633153, [10837, 10950, 0.98968037]]
[[104.05757783333331, 30.6908925, 6], 2.323783380936076, [7536, 7612, 0.99001576]]
[[104.05180085185185, 30.676466555555553, 27], 3.9113040865627595, [13557, 13693, 0.99006792]]
[[104.06931576190478, 30.71222804761905, 21], 1.6460264989040327, [5354, 5407, 0.99019789]]
[[104.0526721029413, 30.677100955882377, 68], 3.834765265091984, [13566, 13698, 0.99036356]]
[[104.06677938888889, 30.712283499999995, 18], 1.3651220442774843, [5140, 5190, 0.99036609]]
[[104.05534587999999, 30.722959279999994, 25], 1.2643711525878316, [3907, 3944, 0.99061866]]
[[104.082254, 30.7197795, 8], 3.2116977471950077, [1283, 1295, 0.99073359]]
[[104.08507357142854, 30.694297071428576, 28], 3.8994579743064994, [10341, 10436, 0.9908969]]
[[104.06363342857144, 30.73873671428571, 14], 3.1782089022916797, [982, 991, 0.99091826]]
[[104.05438571428571, 30.703766285714284, 7], 0.8696348164560868, [7021, 7085, 0.99096683]]
[[104.05272425000001, 30.676741, 4], 3.874366186361261, [13437, 13559, 0.99100229]]
[[104.05714449999999, 30.69220325, 4], 2.1729573051721545, [7716, 7785, 0.9911368]]
[[104.05334462500002, 30.722936874999995, 16], 1.2649112434748284, [4100, 4136, 0.99129594]]
[[104.05985266666666, 30.686589166666664, 6], 2.8390684722849486, [8561, 8635, 0.99143023]]
[[104.0539015, 30.693878, 2], 1.9682634625694828, [8728, 8801, 0.99170549]]
[[104.05725254166663, 30.693073083333335, 24], 2.0790603034312714, [7521, 7580, 0.99221636]]
[[104.04529870833335, 30.73147270833333, 24], 2.4308450184844683, [1210, 1219, 0.9926169]]
[[104.05440633333335, 30.69464066666667, 3], 1.8825147111788012, [8434, 8496, 0.99270245]]
[[104.05349921428571, 30.676657500000005, 14], 3.8802079944870123, [13405, 13503, 0.99274235]]
[[104.04981354545454, 30.676637636363637, 11], 3.9155314542757864, [13288, 13385, 0.99275308]]
[[104.02474476923075, 30.69757603846154, 26], 3.6512846494537836, [3290, 3314, 0.992758]]
[[104.06488959999999, 30.7120362, 5], 1.1542615544173755, [5255, 5293, 0.99282071]]
[[104.01864583333334, 30.709826749999994, 12], 3.984676885181804, [1812, 1825, 0.99287671]]
[[104.0515409230769, 30.675967615384618, 13], 3.9688095707191056, [13613, 13709, 0.9929973]]
[[104.05380507142857, 30.70538407142857, 14], 0.6942665679550625, [6886, 6932, 0.99336411]]
[[104.023863, 30.7031746, 5], 3.526959515784722, [2563, 2580, 0.99341085]]
[[104.06049178571428, 30.728489047619053, 42], 1.9891665349803993, [2654, 2671, 0.99363534]]
[[104.03471255999997, 30.719410000000007, 25], 2.3612987024309398, [3308, 3329, 0.9936918]]
[[104.05732599999999, 30.690603714285714, 7], 2.3516032829911424, [7756, 7803, 0.99397668]]
[[104.0768869047619, 30.684586047619046, 21], 3.894387390182744, [12792, 12869, 0.99401663]]
[[104.062061, 30.69471907999999, 25], 2.0531525137396947, [7822, 7869, 0.9940272]]
[[104.05248313793105, 30.676958000000006, 29], 3.8517734074148113, [13551, 13629, 0.99427691]]
[[104.05504739999999, 30.697270000000003, 5], 1.591790106964143, [7906, 7951, 0.99434033]]
[[104.053613, 30.69491533333333, 3], 1.8546132677338698, [8595, 8641, 0.99467654]]
[[104.03152, 30.717927, 6], 2.645694556182003, [2880, 2895, 0.99481865]]
[[104.05386307692308, 30.694416923076922, 13], 1.9086313744523846, [8629, 8673, 0.99492678]]
[[104.056183, 30.689173933333336, 15], 2.4962933978703985, [8311, 8353, 0.99497187]]
[[104.05445476470588, 30.694863470588228, 17], 1.8577615502031581, [8333, 8375, 0.99498507]]
[[104.05044906451616, 30.726516129032245, 31], 1.715662851187811, [3466, 3483, 0.99511915]]
[[104.06313383333332, 30.733160833333333, 6], 2.578003644902986, [1851, 1860, 0.99516129]]
[[104.0575508, 30.699655133333334, 30], 1.36844237789443, [6919, 6952, 0.99525316]]
[[104.04215017647059, 30.7152255882353, 17], 1.4286826828064876, [5271, 5296, 0.99527946]]
[[104.02588994444444, 30.69240455555556, 18], 3.824268755373923, [3759, 3776, 0.99549788]]
[[104.04608214285714, 30.679920428571428, 14], 3.638456680187406, [11310, 11361, 0.99551096]]
[[104.06479785714289, 30.727429642857146, 14], 2.0961768974984762, [2448, 2459, 0.99552664]]
[[104.07196059999998, 30.685826400000003, 10], 3.455562122986751, [11154, 11204, 0.99553731]]
[[104.06226210958897, 30.726904917808206, 73], 1.9048416776474437, [2693, 2705, 0.99556377]]
[[104.05724316666668, 30.68999583333333, 6], 2.417316451663033, [7862, 7895, 0.99582014]]
[[104.05464366666666, 30.724428666666665, 3], 1.4240712914500138, [3825, 3841, 0.99583442]]
[[104.05924464285714, 30.7279885, 14], 1.8938258033561515, [2710, 2721, 0.99595737]]
[[104.07827885714285, 30.720132, 7], 2.804214753551241, [1783, 1790, 0.99608939]]
[[104.05755775, 30.69986225, 4], 1.3463737673285106, [6934, 6960, 0.99626437]]
[[104.05140911764705, 30.69203870588235, 17], 2.198242221210859, [9611, 9646, 0.99637155]]
[[104.03261496875002, 30.683550874999995, 32], 3.949023720224261, [5751, 5770, 0.99670711]]
[[104.05727763636365, 30.688282227272733, 22], 2.606571639324705, [8219, 8245, 0.99684657]]
[[104.0539, 30.675999400000002, 5], 3.9522277866482414, [13709, 13749, 0.9970907]]
[[104.05714017647058, 30.69068505882354, 17], 2.339982404765225, [7874, 7894, 0.99746643]]
[[104.03177787499999, 30.717953937500003, 16], 2.618912006604253, [2888, 2895, 0.99758204]]
[[104.0203802173913, 30.706713695652162, 23], 3.8259359419901595, [2197, 2202, 0.99772934]]
[[104.06452, 30.73763, 1], 3.0960072960667366, [966, 968, 0.99793388]]
[[104.05446644736841, 30.722619394736842, 38], 1.2231584858462516, [4102, 4110, 0.99805353]]
[[104.02304299999999, 30.702786, 6], 3.626201041290829, [2571, 2575, 0.9984466]]
[[104.05276411111112, 30.693824444444445, 9], 1.9824726957963101, [8943, 8956, 0.99854846]]
[[104.05231149999999, 30.72324392307693, 26], 1.3151063248017818, [4172, 4178, 0.99856391]]
[[104.03177521276577, 30.718256308510583, 94], 2.628433119494754, [2856, 2860, 0.9986014]]
[[104.05765290909089, 30.739995363636364, 11], 3.171255647626149, [1031, 1032, 0.99903101]]
[[104.04845316129031, 30.69678212903227, 31], 1.7764632202815884, [8961, 8969, 0.99910804]]
[[104.0347017777778, 30.681865111111108, 9], 3.965253763440959, [6354, 6358, 0.99937087]]
[[104.04752070833335, 30.682095875, 24], 3.365339701047772, [11288, 11294, 0.99946874]]
[[104.065465125, 30.708753124999998, 8], 1.2574818779482784, [4947, 4949, 0.99959588]]
[[104.05323633333334, 30.67625666666667, 3], 3.925616754522253, [13603, 13608, 0.99963257]]
[[104.03154984782604, 30.718278456521737, 46], 2.6531351477710157, [2848, 2849, 0.999649]]
